.i 6
.o 4
.ilb x0 x1 x2 x3 x4 x5
.ob y0 y1 y2 y3
.p 48
000000 0000
001000 0100
011000 0100
010000 1000
110000 1000
111000 1100
001001 1000
010001 1100
111001 0001
000011 0100
001011 1000
011011 1000
010011 1100
110011 1100
111011 0001
001010 1100
010010 0001
111010 0101
101000 1100
100000 0001
100001 0101
101011 0001
100011 0101
100010 1001
000001 1100
011001 0001
110001 0101
000010 0001
011010 0101
110010 1001
101001 1001
101010 1101
000110 1000
001110 1100
011110 1100
010110 0001
110110 0001
111110 0101
001111 0001
010111 0101
111111 1001
101110 0101
100110 1001
100111 1101
000111 0101
011111 1001
110111 1101
101111 0010
.e